final_l2_error: 0.7565498948097229
final_ll: 592.925048828125
best_ll: 594.6777954101562
best_ll_epoch: 194
epochs: 200
data_truth_path: gLV/data/glv_ahidden0p00_truth.npz
data_obs_path: gLV/data/glv_ahidden0p00_obs.npz
init_theta_scale: 0.8
lr: 0.02
process_std: 0.0
N_ens: 100
chunk_length: 10
