final_l2_error: 0.9839484095573425
final_ll: 753.7100219726562
best_ll: 765.72900390625
best_ll_epoch: 72
epochs: 200
data_truth_path: gLV/data/glv_ahidden0p00_truth.npz
data_obs_path: gLV/data/glv_ahidden0p00_obs.npz
init_theta_scale: 0.5
lr: 0.01
process_std: 0.01
N_ens: 50
chunk_length: 20
