final_l2_error: 0.9857668876647949
final_ll: 748.26904296875
best_ll: 770.0197143554688
best_ll_epoch: 48
epochs: 200
data_truth_path: gLV/data/glv_ahidden0p00_truth.npz
data_obs_path: gLV/data/glv_ahidden0p00_obs.npz
init_theta_scale: 0.5
lr: 0.005
process_std: 0.02
N_ens: 100
chunk_length: 20
