final_l2_error: 0.9923256635665894
final_ll: 759.3112182617188
best_ll: 766.15478515625
best_ll_epoch: 158
epochs: 200
data_truth_path: gLV/data/glv_ahidden0p00_truth.npz
data_obs_path: gLV/data/glv_ahidden0p00_obs.npz
init_theta_scale: 0.5
lr: 0.005
process_std: 0.02
N_ens: 50
chunk_length: 20
