final_l2_error: 0.4350772798061371
final_ll: 715.1932373046875
best_ll: 789.8693237304688
best_ll_epoch: 46
epochs: 200
data_truth_path: gLV/data/glv_ahidden0p00_truth.npz
data_obs_path: gLV/data/glv_ahidden0p00_obs.npz
init_theta_scale: 1.0
lr: 0.005
process_std: 0.01
N_ens: 50
chunk_length: 20
