final_l2_error: 0.8469834923744202
final_ll: 690.1288452148438
best_ll: 763.7105712890625
best_ll_epoch: 45
epochs: 200
data_truth_path: gLV/data/glv_ahidden0p00_truth.npz
data_obs_path: gLV/data/glv_ahidden0p00_obs.npz
init_theta_scale: 0.8
lr: 0.02
process_std: 0.01
N_ens: 50
chunk_length: 20
