final_l2_error: 0.35636818408966064
final_ll: 740.1659545898438
best_ll: 781.3084106445312
best_ll_epoch: 12
epochs: 200
data_truth_path: gLV/data/glv_ahidden0p00_truth.npz
data_obs_path: gLV/data/glv_ahidden0p00_obs.npz
init_theta_scale: 1.0
lr: 0.005
process_std: 0.02
N_ens: 50
chunk_length: 20
