final_l2_error: 0.49226850271224976
final_ll: 729.018310546875
best_ll: 785.4640502929688
best_ll_epoch: 19
epochs: 200
data_truth_path: gLV/data/glv_ahidden0p00_truth.npz
data_obs_path: gLV/data/glv_ahidden0p00_obs.npz
init_theta_scale: 1.0
lr: 0.01
process_std: 0.01
N_ens: 50
chunk_length: 20
