final_l2_error: 0.6286226511001587
final_ll: 771.5161743164062
best_ll: 778.9486083984375
best_ll_epoch: 30
epochs: 200
data_truth_path: gLV/data/glv_ahidden0p00_truth.npz
data_obs_path: gLV/data/glv_ahidden0p00_obs.npz
init_theta_scale: 1.0
lr: 0.01
process_std: 0.02
N_ens: 50
chunk_length: 20
