final_l2_error: 0.9563383460044861
final_ll: 643.5382080078125
best_ll: 657.3865356445312
best_ll_epoch: 47
epochs: 200
data_truth_path: gLV/data/glv_ahidden0p00_truth.npz
data_obs_path: gLV/data/glv_ahidden0p00_obs.npz
init_theta_scale: 0.5
lr: 0.01
process_std: 0.0
N_ens: 100
chunk_length: 20
