final_l2_error: 0.5489075779914856
final_ll: 674.1813354492188
best_ll: 674.3919067382812
best_ll_epoch: 194
epochs: 200
data_truth_path: gLV/data/glv_ahidden0p00_truth.npz
data_obs_path: gLV/data/glv_ahidden0p00_obs.npz
init_theta_scale: 0.8
lr: 0.005
process_std: 0.0
N_ens: 50
chunk_length: 20
