final_l2_error: 0.43446168303489685
final_ll: 667.8541870117188
best_ll: 670.1214599609375
best_ll_epoch: 153
epochs: 200
data_truth_path: gLV/data/glv_ahidden0p00_truth.npz
data_obs_path: gLV/data/glv_ahidden0p00_obs.npz
init_theta_scale: 1.0
lr: 0.005
process_std: 0.0
N_ens: 50
chunk_length: 10
