final_l2_error: 0.5119924545288086
final_ll: 677.6278686523438
best_ll: 680.0889892578125
best_ll_epoch: 197
epochs: 200
data_truth_path: gLV/data/glv_ahidden0p00_truth.npz
data_obs_path: gLV/data/glv_ahidden0p00_obs.npz
init_theta_scale: 1.0
lr: 0.01
process_std: 0.0
N_ens: 50
chunk_length: 20
