final_l2_error: 0.47949114441871643
final_ll: 754.1993408203125
best_ll: 769.3485717773438
best_ll_epoch: 28
epochs: 200
data_truth_path: gLV/data/glv_ahidden0p00_truth.npz
data_obs_path: gLV/data/glv_ahidden0p00_obs.npz
init_theta_scale: 0.8
lr: 0.005
process_std: 0.01
N_ens: 50
chunk_length: 10
