final_l2_error: 1.3787473440170288
final_ll: 750.7067260742188
best_ll: 757.7194213867188
best_ll_epoch: 32
epochs: 200
data_truth_path: gLV/data/glv_ahidden0p00_truth.npz
data_obs_path: gLV/data/glv_ahidden0p00_obs.npz
init_theta_scale: 1.0
lr: 0.02
process_std: 0.02
N_ens: 100
chunk_length: 20
