final_l2_error: 0.5619927048683167
final_ll: 673.0184936523438
best_ll: 673.857666015625
best_ll_epoch: 177
epochs: 200
data_truth_path: gLV/data/glv_ahidden0p00_truth.npz
data_obs_path: gLV/data/glv_ahidden0p00_obs.npz
init_theta_scale: 0.8
lr: 0.005
process_std: 0.0
N_ens: 100
chunk_length: 10
