final_l2_error: 0.43649986386299133
final_ll: 780.7533569335938
best_ll: 793.3125
best_ll_epoch: 93
epochs: 200
data_truth_path: gLV/data/glv_ahidden0p00_truth.npz
data_obs_path: gLV/data/glv_ahidden0p00_obs.npz
init_theta_scale: 1.0
lr: 0.005
process_std: 0.02
N_ens: 100
chunk_length: 20
