final_l2_error: 0.7867544293403625
final_ll: 587.4999389648438
best_ll: 591.9400024414062
best_ll_epoch: 194
epochs: 200
data_truth_path: gLV/data/glv_ahidden0p00_truth.npz
data_obs_path: gLV/data/glv_ahidden0p00_obs.npz
init_theta_scale: 1.0
lr: 0.02
process_std: 0.0
N_ens: 50
chunk_length: 10
