final_l2_error: 0.5391877889633179
final_ll: 727.2928466796875
best_ll: 784.7623901367188
best_ll_epoch: 19
epochs: 200
data_truth_path: gLV/data/glv_ahidden0p00_truth.npz
data_obs_path: gLV/data/glv_ahidden0p00_obs.npz
init_theta_scale: 0.8
lr: 0.005
process_std: 0.02
N_ens: 50
chunk_length: 20
