final_l2_error: 0.9499897360801697
final_ll: 658.504638671875
best_ll: 667.5736083984375
best_ll_epoch: 47
epochs: 200
data_truth_path: gLV/data/glv_ahidden0p00_truth.npz
data_obs_path: gLV/data/glv_ahidden0p00_obs.npz
init_theta_scale: 0.5
lr: 0.005
process_std: 0.0
N_ens: 100
chunk_length: 10
