final_l2_error: 0.7636994123458862
final_ll: 589.6725463867188
best_ll: 594.0232543945312
best_ll_epoch: 194
epochs: 200
data_truth_path: gLV/data/glv_ahidden0p00_truth.npz
data_obs_path: gLV/data/glv_ahidden0p00_obs.npz
init_theta_scale: 0.8
lr: 0.02
process_std: 0.0
N_ens: 50
chunk_length: 10
