final_l2_error: 1.0090659856796265
final_ll: 768.400390625
best_ll: 772.5625610351562
best_ll_epoch: 177
epochs: 200
data_truth_path: gLV/data/glv_ahidden0p00_truth.npz
data_obs_path: gLV/data/glv_ahidden0p00_obs.npz
init_theta_scale: 0.5
lr: 0.005
process_std: 0.02
N_ens: 100
chunk_length: 10
