final_l2_error: 0.4189664125442505
final_ll: 740.80126953125
best_ll: 770.5394897460938
best_ll_epoch: 7
epochs: 200
data_truth_path: gLV/data/glv_ahidden0p00_truth.npz
data_obs_path: gLV/data/glv_ahidden0p00_obs.npz
init_theta_scale: 1.0
lr: 0.01
process_std: 0.01
N_ens: 50
chunk_length: 10
