final_l2_error: 0.40321552753448486
final_ll: 778.709228515625
best_ll: 791.3270263671875
best_ll_epoch: 45
epochs: 200
data_truth_path: gLV/data/glv_ahidden0p00_truth.npz
data_obs_path: gLV/data/glv_ahidden0p00_obs.npz
init_theta_scale: 1.0
lr: 0.005
process_std: 0.01
N_ens: 100
chunk_length: 20
