final_l2_error: 0.5601024627685547
final_ll: 729.768798828125
best_ll: 785.9081420898438
best_ll_epoch: 50
epochs: 200
data_truth_path: gLV/data/glv_ahidden0p00_truth.npz
data_obs_path: gLV/data/glv_ahidden0p00_obs.npz
init_theta_scale: 0.8
lr: 0.01
process_std: 0.01
N_ens: 100
chunk_length: 20
