final_l2_error: 1.0123883485794067
final_ll: 771.996826171875
best_ll: 775.248046875
best_ll_epoch: 177
epochs: 200
data_truth_path: gLV/data/glv_ahidden0p00_truth.npz
data_obs_path: gLV/data/glv_ahidden0p00_obs.npz
init_theta_scale: 0.5
lr: 0.01
process_std: 0.01
N_ens: 100
chunk_length: 10
