final_l2_error: 0.6031860709190369
final_ll: 419.62677001953125
best_ll: 675.9307861328125
best_ll_epoch: 161
epochs: 200
data_truth_path: gLV/data/glv_ahidden0p00_truth.npz
data_obs_path: gLV/data/glv_ahidden0p00_obs.npz
init_theta_scale: 0.8
lr: 0.02
process_std: 0.0
N_ens: 50
chunk_length: 20
