final_l2_error: 0.3578086495399475
final_ll: 1480.4261474609375
best_ll: 1522.984619140625
best_ll_epoch: 5
final_ensemble_trace_cov: 0.0018670039717108011
final_min_std_dim: 0.018108016340765514
min_min_std_dim: 0.01375021585855867
epochs: 10
data_truth_path: gLV/data_full_obs/glv_ahidden0p00_truth.npz
data_obs_path: gLV/data_full_obs/glv_ahidden0p00_obs.npz
init_theta_scale: 0.8
lr: 0.01
process_std: 0.01
N_ens: 300
chunk_length: 20
