final_l2_error: 0.37285757064819336
final_ll: 778.5924072265625
best_ll: 887.1881713867188
best_ll_epoch: 8
final_ensemble_trace_cov: 0.013257494196295738
final_min_std_dim: 0.01142547046104201
min_min_std_dim: 0.01142547046104201
epochs: 10
data_truth_path: gLV/data_no_noise/glv_ahidden0p00_truth.npz
data_obs_path: gLV/data_no_noise/glv_ahidden0p00_obs.npz
init_theta_scale: 0.8
lr: 0.01
process_std: 0.01
N_ens: 300
chunk_length: 20
