final_l2_error: 0.725448727607727
final_ll: 744.0523071289062
best_ll: 761.8930053710938
best_ll_epoch: 13
epochs: 200
data_truth_path: gLV/data/glv_ahidden0p00_truth.npz
data_obs_path: gLV/data/glv_ahidden0p00_obs.npz
init_theta_scale: 0.8
lr: 0.02
process_std: 0.01
N_ens: 100
chunk_length: 10
