final_l2_error: 0.5076428651809692
final_ll: 743.9707641601562
best_ll: 757.574951171875
best_ll_epoch: 158
epochs: 200
data_truth_path: gLV/data/glv_ahidden0p00_truth.npz
data_obs_path: gLV/data/glv_ahidden0p00_obs.npz
init_theta_scale: 0.8
lr: 0.005
process_std: 0.01
N_ens: 50
chunk_length: 20
