final_l2_error: 0.7017648220062256
final_ll: 795.6729125976562
best_ll: 800.944091796875
best_ll_epoch: 164
epochs: 200
data_truth_path: gLV/data/glv_ahidden0p00_truth.npz
data_obs_path: gLV/data/glv_ahidden0p00_obs.npz
init_theta_scale: 0.8
lr: 0.005
process_std: 0.02
N_ens: 100
chunk_length: 10
