final_l2_error: 0.5810791254043579
final_ll: 773.779541015625
best_ll: 778.9769897460938
best_ll_epoch: 164
epochs: 200
data_truth_path: gLV/data/glv_ahidden0p00_truth.npz
data_obs_path: gLV/data/glv_ahidden0p00_obs.npz
init_theta_scale: 1.0
lr: 0.02
process_std: 0.02
N_ens: 100
chunk_length: 10
