final_l2_error: 0.6090103387832642
final_ll: 775.0116577148438
best_ll: 787.068359375
best_ll_epoch: 45
epochs: 200
data_truth_path: gLV/data/glv_ahidden0p00_truth.npz
data_obs_path: gLV/data/glv_ahidden0p00_obs.npz
init_theta_scale: 1.0
lr: 0.01
process_std: 0.02
N_ens: 100
chunk_length: 20
