final_l2_error: 1.0005085468292236
final_ll: 762.1453247070312
best_ll: 770.7464599609375
best_ll_epoch: 158
epochs: 200
data_truth_path: gLV/data/glv_ahidden0p00_truth.npz
data_obs_path: gLV/data/glv_ahidden0p00_obs.npz
init_theta_scale: 0.5
lr: 0.005
process_std: 0.01
N_ens: 50
chunk_length: 10
