final_l2_error: 0.6011549830436707
final_ll: 739.88623046875
best_ll: 764.2767333984375
best_ll_epoch: 3
epochs: 200
data_truth_path: gLV/data/glv_ahidden0p00_truth.npz
data_obs_path: gLV/data/glv_ahidden0p00_obs.npz
init_theta_scale: 0.8
lr: 0.01
process_std: 0.02
N_ens: 50
chunk_length: 20
