final_l2_error: 0.5111543536186218
final_ll: 770.8886108398438
best_ll: 777.1068725585938
best_ll_epoch: 158
epochs: 200
data_truth_path: gLV/data/glv_ahidden0p00_truth.npz
data_obs_path: gLV/data/glv_ahidden0p00_obs.npz
init_theta_scale: 1.0
lr: 0.02
process_std: 0.02
N_ens: 50
chunk_length: 20
