final_l2_error: 0.947237491607666
final_ll: 791.8409423828125
best_ll: 796.935546875
best_ll_epoch: 93
epochs: 200
data_truth_path: gLV/data/glv_ahidden0p00_truth.npz
data_obs_path: gLV/data/glv_ahidden0p00_obs.npz
init_theta_scale: 0.5
lr: 0.02
process_std: 0.01
N_ens: 100
chunk_length: 20
