final_l2_error: 0.9886325597763062
final_ll: 764.8028564453125
best_ll: 772.6038818359375
best_ll_epoch: 158
epochs: 200
data_truth_path: gLV/data/glv_ahidden0p00_truth.npz
data_obs_path: gLV/data/glv_ahidden0p00_obs.npz
init_theta_scale: 0.5
lr: 0.02
process_std: 0.01
N_ens: 50
chunk_length: 10
