final_l2_error: 0.6120449304580688
final_ll: 738.3893432617188
best_ll: 786.2952880859375
best_ll_epoch: 13
epochs: 200
data_truth_path: gLV/data/glv_ahidden0p00_truth.npz
data_obs_path: gLV/data/glv_ahidden0p00_obs.npz
init_theta_scale: 0.8
lr: 0.01
process_std: 0.02
N_ens: 100
chunk_length: 20
