final_l2_error: 0.9476189613342285
final_ll: 158.37351989746094
best_ll: 512.4812622070312
best_ll_epoch: 13
epochs: 200
data_truth_path: gLV/data/glv_ahidden0p00_truth.npz
data_obs_path: gLV/data/glv_ahidden0p00_obs.npz
init_theta_scale: 0.8
lr: 0.02
process_std: 0.0
N_ens: 100
chunk_length: 20
