final_l2_error: 0.5605228543281555
final_ll: 623.9090576171875
best_ll: 625.87109375
best_ll_epoch: 197
epochs: 200
data_truth_path: gLV/data/glv_ahidden0p00_truth.npz
data_obs_path: gLV/data/glv_ahidden0p00_obs.npz
init_theta_scale: 1.0
lr: 0.01
process_std: 0.0
N_ens: 50
chunk_length: 10
