final_l2_error: 1.0418671369552612
final_ll: 765.7653198242188
best_ll: 770.8666381835938
best_ll_epoch: 164
epochs: 200
data_truth_path: gLV/data/glv_ahidden0p00_truth.npz
data_obs_path: gLV/data/glv_ahidden0p00_obs.npz
init_theta_scale: 0.5
lr: 0.02
process_std: 0.02
N_ens: 100
chunk_length: 10
