final_l2_error: 0.8109567165374756
final_ll: 581.5330200195312
best_ll: 651.2019653320312
best_ll_epoch: 56
epochs: 200
data_truth_path: gLV/data/glv_ahidden0p00_truth.npz
data_obs_path: gLV/data/glv_ahidden0p00_obs.npz
init_theta_scale: 0.5
lr: 0.02
process_std: 0.0
N_ens: 100
chunk_length: 20
