final_l2_error: 0.5617084503173828
final_ll: 765.5589599609375
best_ll: 781.8622436523438
best_ll_epoch: 28
epochs: 200
data_truth_path: gLV/data/glv_ahidden0p00_truth.npz
data_obs_path: gLV/data/glv_ahidden0p00_obs.npz
init_theta_scale: 1.0
lr: 0.02
process_std: 0.01
N_ens: 50
chunk_length: 10
