final_l2_error: 0.5848205089569092
final_ll: 751.79296875
best_ll: 766.4795532226562
best_ll_epoch: 45
epochs: 200
data_truth_path: gLV/data/glv_ahidden0p00_truth.npz
data_obs_path: gLV/data/glv_ahidden0p00_obs.npz
init_theta_scale: 0.8
lr: 0.01
process_std: 0.01
N_ens: 50
chunk_length: 10
