final_l2_error: 0.7999213337898254
final_ll: 746.503662109375
best_ll: 800.457275390625
best_ll_epoch: 93
epochs: 200
data_truth_path: gLV/data/glv_ahidden0p00_truth.npz
data_obs_path: gLV/data/glv_ahidden0p00_obs.npz
init_theta_scale: 0.8
lr: 0.01
process_std: 0.02
N_ens: 100
chunk_length: 10
