final_l2_error: 0.39584943652153015
final_ll: 673.33740234375
best_ll: 675.08447265625
best_ll_epoch: 194
epochs: 200
data_truth_path: gLV/data/glv_ahidden0p00_truth.npz
data_obs_path: gLV/data/glv_ahidden0p00_obs.npz
init_theta_scale: 1.0
lr: 0.005
process_std: 0.0
N_ens: 50
chunk_length: 20
