final_l2_error: 0.5332936644554138
final_ll: 673.1090698242188
best_ll: 678.2672729492188
best_ll_epoch: 158
epochs: 200
data_truth_path: gLV/data/glv_ahidden0p00_truth.npz
data_obs_path: gLV/data/glv_ahidden0p00_obs.npz
init_theta_scale: 1.0
lr: 0.01
process_std: 0.0
N_ens: 100
chunk_length: 20
