final_l2_error: 0.8578246831893921
final_ll: 363.1333923339844
best_ll: 581.6251220703125
best_ll_epoch: 14
epochs: 200
data_truth_path: gLV/data/glv_ahidden0p00_truth.npz
data_obs_path: gLV/data/glv_ahidden0p00_obs.npz
init_theta_scale: 1.0
lr: 0.02
process_std: 0.0
N_ens: 100
chunk_length: 20
