final_l2_error: 0.41610187292099
final_ll: 669.8095703125
best_ll: 674.5232543945312
best_ll_epoch: 127
epochs: 200
data_truth_path: gLV/data/glv_ahidden0p00_truth.npz
data_obs_path: gLV/data/glv_ahidden0p00_obs.npz
init_theta_scale: 1.0
lr: 0.005
process_std: 0.0
N_ens: 100
chunk_length: 20
