final_l2_error: 0.4004925787448883
final_ll: 735.0576782226562
best_ll: 762.4144897460938
best_ll_epoch: 1
epochs: 200
data_truth_path: gLV/data/glv_ahidden0p00_truth.npz
data_obs_path: gLV/data/glv_ahidden0p00_obs.npz
init_theta_scale: 1.0
lr: 0.005
process_std: 0.02
N_ens: 50
chunk_length: 10
