final_l2_error: 0.5686938166618347
final_ll: 771.8333740234375
best_ll: 778.343994140625
best_ll_epoch: 158
epochs: 200
data_truth_path: gLV/data/glv_ahidden0p00_truth.npz
data_obs_path: gLV/data/glv_ahidden0p00_obs.npz
init_theta_scale: 0.8
lr: 0.02
process_std: 0.02
N_ens: 50
chunk_length: 20
