final_l2_error: 0.960298478603363
final_ll: 615.6433715820312
best_ll: 643.9806518554688
best_ll_epoch: 56
epochs: 200
data_truth_path: gLV/data/glv_ahidden0p00_truth.npz
data_obs_path: gLV/data/glv_ahidden0p00_obs.npz
init_theta_scale: 0.5
lr: 0.005
process_std: 0.0
N_ens: 100
chunk_length: 20
