final_l2_error: 0.38733237981796265
final_ll: 738.9252319335938
best_ll: 781.2633056640625
best_ll_epoch: 45
epochs: 200
data_truth_path: gLV/data/glv_ahidden0p00_truth.npz
data_obs_path: gLV/data/glv_ahidden0p00_obs.npz
init_theta_scale: 1.0
lr: 0.005
process_std: 0.02
N_ens: 100
chunk_length: 10
