final_l2_error: 0.7038627862930298
final_ll: 746.939697265625
best_ll: 761.48388671875
best_ll_epoch: 7
epochs: 200
data_truth_path: gLV/data/glv_ahidden0p00_truth.npz
data_obs_path: gLV/data/glv_ahidden0p00_obs.npz
init_theta_scale: 0.8
lr: 0.01
process_std: 0.02
N_ens: 50
chunk_length: 10
