final_l2_error: 1.0204823017120361
final_ll: 768.7581176757812
best_ll: 774.65283203125
best_ll_epoch: 154
epochs: 200
data_truth_path: gLV/data/glv_ahidden0p00_truth.npz
data_obs_path: gLV/data/glv_ahidden0p00_obs.npz
init_theta_scale: 0.5
lr: 0.005
process_std: 0.02
N_ens: 50
chunk_length: 10
