final_l2_error: 0.5739808678627014
final_ll: 671.0679321289062
best_ll: 676.7897338867188
best_ll_epoch: 157
epochs: 200
data_truth_path: gLV/data/glv_ahidden0p00_truth.npz
data_obs_path: gLV/data/glv_ahidden0p00_obs.npz
init_theta_scale: 0.8
lr: 0.01
process_std: 0.0
N_ens: 100
chunk_length: 20
