final_l2_error: 0.884858250617981
final_ll: 654.5640258789062
best_ll: 656.1953735351562
best_ll_epoch: 194
epochs: 200
data_truth_path: gLV/data/glv_ahidden0p00_truth.npz
data_obs_path: gLV/data/glv_ahidden0p00_obs.npz
init_theta_scale: 0.5
lr: 0.01
process_std: 0.0
N_ens: 100
chunk_length: 10
