final_l2_error: 0.5596179962158203
final_ll: 667.794189453125
best_ll: 672.9185180664062
best_ll_epoch: 64
epochs: 200
data_truth_path: gLV/data/glv_ahidden0p00_truth.npz
data_obs_path: gLV/data/glv_ahidden0p00_obs.npz
init_theta_scale: 0.8
lr: 0.005
process_std: 0.0
N_ens: 100
chunk_length: 20
