final_l2_error: 0.49744921922683716
final_ll: 769.1747436523438
best_ll: 783.6080322265625
best_ll_epoch: 45
epochs: 200
data_truth_path: gLV/data/glv_ahidden0p00_truth.npz
data_obs_path: gLV/data/glv_ahidden0p00_obs.npz
init_theta_scale: 0.8
lr: 0.005
process_std: 0.01
N_ens: 100
chunk_length: 20
