final_l2_error: 0.6305648684501648
final_ll: 774.366943359375
best_ll: 779.9391479492188
best_ll_epoch: 164
epochs: 200
data_truth_path: gLV/data/glv_ahidden0p00_truth.npz
data_obs_path: gLV/data/glv_ahidden0p00_obs.npz
init_theta_scale: 0.8
lr: 0.02
process_std: 0.02
N_ens: 100
chunk_length: 20
