final_l2_error: 0.9803435802459717
final_ll: 743.279052734375
best_ll: 760.5046997070312
best_ll_epoch: 68
epochs: 200
data_truth_path: gLV/data/glv_ahidden0p00_truth.npz
data_obs_path: gLV/data/glv_ahidden0p00_obs.npz
init_theta_scale: 0.5
lr: 0.005
process_std: 0.01
N_ens: 100
chunk_length: 20
