final_l2_error: 0.9023392200469971
final_ll: 657.8723754882812
best_ll: 663.4486694335938
best_ll_epoch: 124
epochs: 200
data_truth_path: gLV/data/glv_ahidden0p00_truth.npz
data_obs_path: gLV/data/glv_ahidden0p00_obs.npz
init_theta_scale: 0.5
lr: 0.005
process_std: 0.0
N_ens: 50
chunk_length: 10
