final_l2_error: 0.6730726957321167
final_ll: 769.3869018554688
best_ll: 777.8230590820312
best_ll_epoch: 158
epochs: 200
data_truth_path: gLV/data/glv_ahidden0p00_truth.npz
data_obs_path: gLV/data/glv_ahidden0p00_obs.npz
init_theta_scale: 0.8
lr: 0.02
process_std: 0.02
N_ens: 50
chunk_length: 10
