final_l2_error: 1.006291389465332
final_ll: 729.79296875
best_ll: 762.8753662109375
best_ll_epoch: 28
epochs: 200
data_truth_path: gLV/data/glv_ahidden0p00_truth.npz
data_obs_path: gLV/data/glv_ahidden0p00_obs.npz
init_theta_scale: 1.0
lr: 0.02
process_std: 0.01
N_ens: 100
chunk_length: 20
