final_l2_error: 0.5311837196350098
final_ll: 749.1975708007812
best_ll: 768.5671997070312
best_ll_epoch: 7
epochs: 200
data_truth_path: gLV/data/glv_ahidden0p00_truth.npz
data_obs_path: gLV/data/glv_ahidden0p00_obs.npz
init_theta_scale: 0.8
lr: 0.005
process_std: 0.02
N_ens: 50
chunk_length: 10
