final_l2_error: 0.8639512658119202
final_ll: 429.99688720703125
best_ll: 674.7732543945312
best_ll_epoch: 55
epochs: 200
data_truth_path: gLV/data/glv_ahidden0p00_truth.npz
data_obs_path: gLV/data/glv_ahidden0p00_obs.npz
init_theta_scale: 1.0
lr: 0.02
process_std: 0.0
N_ens: 50
chunk_length: 20
