final_l2_error: 0.9965951442718506
final_ll: 769.2623901367188
best_ll: 775.952880859375
best_ll_epoch: 158
epochs: 200
data_truth_path: gLV/data/glv_ahidden0p00_truth.npz
data_obs_path: gLV/data/glv_ahidden0p00_obs.npz
init_theta_scale: 0.5
lr: 0.02
process_std: 0.02
N_ens: 50
chunk_length: 20
