final_l2_error: 0.6961648464202881
final_ll: 773.4368286132812
best_ll: 793.8458862304688
best_ll_epoch: 45
epochs: 200
data_truth_path: gLV/data/glv_ahidden0p00_truth.npz
data_obs_path: gLV/data/glv_ahidden0p00_obs.npz
init_theta_scale: 1.0
lr: 0.01
process_std: 0.02
N_ens: 100
chunk_length: 10
