final_l2_error: 0.9811325669288635
final_ll: 768.8131103515625
best_ll: 775.1824951171875
best_ll_epoch: 106
epochs: 200
data_truth_path: gLV/data/glv_ahidden0p00_truth.npz
data_obs_path: gLV/data/glv_ahidden0p00_obs.npz
init_theta_scale: 0.5
lr: 0.01
process_std: 0.02
N_ens: 50
chunk_length: 10
