final_l2_error: 0.9750158786773682
final_ll: 593.0149536132812
best_ll: 655.3855590820312
best_ll_epoch: 48
epochs: 200
data_truth_path: gLV/data/glv_ahidden0p00_truth.npz
data_obs_path: gLV/data/glv_ahidden0p00_obs.npz
init_theta_scale: 0.5
lr: 0.005
process_std: 0.0
N_ens: 50
chunk_length: 20
