final_l2_error: 0.5587090253829956
final_ll: 626.4054565429688
best_ll: 626.784912109375
best_ll_epoch: 195
epochs: 200
data_truth_path: gLV/data/glv_ahidden0p00_truth.npz
data_obs_path: gLV/data/glv_ahidden0p00_obs.npz
init_theta_scale: 1.0
lr: 0.01
process_std: 0.0
N_ens: 100
chunk_length: 10
