final_l2_error: 0.7646867632865906
final_ll: 767.3504638671875
best_ll: 770.6551513671875
best_ll_epoch: 53
final_ensemble_trace_cov: 0.08827466517686844
final_min_std_dim: 0.029398198548490618
min_min_std_dim: 0.017201997389226332
epochs: 100
data_truth_path: gLV/data/glv_ahidden0p00_truth.npz
data_obs_path: gLV/data/glv_ahidden0p00_obs.npz
init_theta_scale: 0.8
lr: 0.05
process_std: 0.01
N_ens: 300
chunk_length: 20
