final_l2_error: 1.0027480125427246
final_ll: 761.6832885742188
best_ll: 768.51220703125
best_ll_epoch: 177
epochs: 200
data_truth_path: gLV/data/glv_ahidden0p00_truth.npz
data_obs_path: gLV/data/glv_ahidden0p00_obs.npz
init_theta_scale: 0.5
lr: 0.005
process_std: 0.01
N_ens: 100
chunk_length: 10
