final_l2_error: 0.35340583324432373
final_ll: 738.39306640625
best_ll: 764.5585327148438
best_ll_epoch: 29
epochs: 200
data_truth_path: gLV/data/glv_ahidden0p00_truth.npz
data_obs_path: gLV/data/glv_ahidden0p00_obs.npz
init_theta_scale: 1.0
lr: 0.005
process_std: 0.01
N_ens: 50
chunk_length: 10
