final_l2_error: 0.5063591003417969
final_ll: 768.9260864257812
best_ll: 776.4067993164062
best_ll_epoch: 158
epochs: 200
data_truth_path: gLV/data/glv_ahidden0p00_truth.npz
data_obs_path: gLV/data/glv_ahidden0p00_obs.npz
init_theta_scale: 1.0
lr: 0.02
process_std: 0.02
N_ens: 50
chunk_length: 10
