final_l2_error: 0.982332170009613
final_ll: 742.5838012695312
best_ll: 761.8171997070312
best_ll_epoch: 45
epochs: 200
data_truth_path: gLV/data/glv_ahidden0p00_truth.npz
data_obs_path: gLV/data/glv_ahidden0p00_obs.npz
init_theta_scale: 0.5
lr: 0.02
process_std: 0.01
N_ens: 50
chunk_length: 20
