final_l2_error: 0.6147046685218811
final_ll: 738.0664672851562
best_ll: 790.9467163085938
best_ll_epoch: 45
epochs: 200
data_truth_path: gLV/data/glv_ahidden0p00_truth.npz
data_obs_path: gLV/data/glv_ahidden0p00_obs.npz
init_theta_scale: 0.8
lr: 0.02
process_std: 0.01
N_ens: 100
chunk_length: 20
