final_l2_error: 0.5030206441879272
final_ll: 770.72607421875
best_ll: 779.0107421875
best_ll_epoch: 12
epochs: 200
data_truth_path: gLV/data/glv_ahidden0p00_truth.npz
data_obs_path: gLV/data/glv_ahidden0p00_obs.npz
init_theta_scale: 1.0
lr: 0.02
process_std: 0.01
N_ens: 50
chunk_length: 20
