final_l2_error: 1.0118889808654785
final_ll: 770.1326904296875
best_ll: 774.7357177734375
best_ll_epoch: 177
epochs: 200
data_truth_path: gLV/data/glv_ahidden0p00_truth.npz
data_obs_path: gLV/data/glv_ahidden0p00_obs.npz
init_theta_scale: 0.5
lr: 0.01
process_std: 0.02
N_ens: 100
chunk_length: 10
