final_l2_error: 0.7792088985443115
final_ll: 589.8186645507812
best_ll: 592.4273071289062
best_ll_epoch: 194
epochs: 200
data_truth_path: gLV/data/glv_ahidden0p00_truth.npz
data_obs_path: gLV/data/glv_ahidden0p00_obs.npz
init_theta_scale: 1.0
lr: 0.02
process_std: 0.0
N_ens: 100
chunk_length: 10
