final_l2_error: 0.4347691535949707
final_ll: 667.33251953125
best_ll: 668.0101928710938
best_ll_epoch: 177
epochs: 200
data_truth_path: gLV/data/glv_ahidden0p00_truth.npz
data_obs_path: gLV/data/glv_ahidden0p00_obs.npz
init_theta_scale: 1.0
lr: 0.005
process_std: 0.0
N_ens: 100
chunk_length: 10
