final_l2_error: 0.7038283348083496
final_ll: 793.0206909179688
best_ll: 799.375244140625
best_ll_epoch: 93
epochs: 200
data_truth_path: gLV/data/glv_ahidden0p00_truth.npz
data_obs_path: gLV/data/glv_ahidden0p00_obs.npz
init_theta_scale: 1.0
lr: 0.02
process_std: 0.01
N_ens: 100
chunk_length: 10
