final_l2_error: 0.6227940917015076
final_ll: 631.83837890625
best_ll: 631.83837890625
best_ll_epoch: 199
epochs: 200
data_truth_path: gLV/data/glv_ahidden0p00_truth.npz
data_obs_path: gLV/data/glv_ahidden0p00_obs.npz
init_theta_scale: 0.8
lr: 0.01
process_std: 0.0
N_ens: 100
chunk_length: 10
