final_l2_error: 0.56646728515625
final_ll: 671.6522827148438
best_ll: 674.0655517578125
best_ll_epoch: 153
epochs: 200
data_truth_path: gLV/data/glv_ahidden0p00_truth.npz
data_obs_path: gLV/data/glv_ahidden0p00_obs.npz
init_theta_scale: 0.8
lr: 0.005
process_std: 0.0
N_ens: 50
chunk_length: 10
